i\RPM	0	1	2	3	4	5	6	7	8	9	10	11	12	13	14	15	16	17	18	19	
2200	3.008	3.148	3.243	3.297	3.319	3.314	3.284	3.233	3.163	3.078	2.980	2.869	2.747	2.616	2.477	2.331	2.179	2.022	1.862	1.699	
2420	3.008	3.148	3.243	3.297	3.320	3.314	3.284	3.234	3.164	3.080	2.981	2.871	2.749	2.618	2.479	2.333	2.182	2.025	1.864	1.700	
2640	3.008	3.149	3.242	3.297	3.320	3.314	3.285	3.234	3.166	3.081	2.983	2.872	2.751	2.620	2.481	2.335	2.182	2.025	1.864	1.698	
2860	3.008	3.149	3.243	3.298	3.320	3.315	3.285	3.235	3.167	3.082	2.984	2.873	2.752	2.621	2.482	2.335	2.183	2.024	1.861	1.694	
3080	3.008	3.149	3.243	3.298	3.321	3.315	3.286	3.236	3.168	3.083	2.985	2.875	2.753	2.621	2.482	2.335	2.180	2.018	1.853	1.684	
3300	3.008	3.148	3.243	3.298	3.321	3.316	3.287	3.237	3.169	3.084	2.986	2.875	2.753	2.622	2.480	2.329	2.171	2.007	1.839	1.669	
3520	3.008	3.149	3.243	3.298	3.321	3.316	3.287	3.238	3.169	3.085	2.986	2.875	2.754	2.620	2.475	2.321	2.160	1.995	1.825	1.653	
3740	3.008	3.149	3.243	3.298	3.321	3.317	3.288	3.238	3.170	3.085	2.986	2.876	2.750	2.611	2.462	2.305	2.141	1.973	1.801	1.627	
3960	3.008	3.149	3.243	3.299	3.322	3.317	3.289	3.238	3.170	3.085	2.988	2.872	2.740	2.596	2.443	2.283	2.117	1.946	1.771	1.592	
